1
0.9996155916045206 0.9989123758828948 0.9989123753442231 0.9989123758828948 0.037565359652074665 0.9989123758828949
0.8567335750287381 0.844141331422527 0.8440927662947342 0.844141331422527 0.36308689961451357 0.8441413314225271
2
0.9997696874573495 0.9997867403691951 0.999786740369133 0.9997867403691951 0.007365818784234071 0.999786740369195
0.9874320968821769 0.9906379022076637 0.9906378009649159 0.9906379022076637 0.029438242443460647 0.9906379022076637
3
0.9988571526042421 0.9989550278090559 0.9989550277989996 0.9989550278090559 0.036092517840486046 0.9989550278090559
0.9770119812232032 0.9802265670317671 0.9802263425306602 0.9802265670317671 0.0749125844636629 0.9802265670317672
4
0.99861010445534 0.9988100112601085 0.9988100112122877 0.9988100112601085 0.041101310900814786 0.9988100112601085
0.9770119812232032 0.9802265670317671 0.9802263425306602 0.9802265670317671 0.0749125844636629 0.9802265670317672
