1
0.9996395375782074 0.9966091718702017 0.9966091406866002 0.9966091718702017 0.11711519780703537 0.9966091718702017
0.8002859198490044 0.7741452553997339 0.7737165528153602 0.7741452553997339 0.4709957897189185 0.7741452553997338
2
0.9962889658584859 0.5342239055515747 0.4053600531118566 0.5342239055515747 16.087336478562065 0.5342239055515746
0.9647834274952919 0.963165796567373 0.9631656850223439 0.963165796567373 0.10435756309181175 0.963165796567373
3
0.9995887981770053 0.9974707407786536 0.9974707294132368 0.9974707407786536 0.0873576823918301 0.9974707407786536
0.9345004821344846 0.918974135871976 0.9189482620640614 0.918974135871976 0.19486562489901543 0.918974135871976
4
0.5218346155388158 0.541811683215614 0.4205483168188197 0.541811683215614 15.82562989648991 0.541811683215614
0.9345004821344846 0.918974135871976 0.9189482620640614 0.918974135871976 0.19486562489901543 0.918974135871976
